esempio 1

([(1,""),(2,""),(3,""),(4,""),(5,""),(6,""),(7,""),(8,""),(9,""),(10,"")],[(1,1),(5,1),(1,2),(1,3),(2,4),(2,8),(4,5),(5,5),(4,3),(4,4),(4,6),(6,5),(6,6),(3,2)])


esempio 2

([(0,""),(1,""),(2,""),(3,""),(4,""),(5,""),(6,""),(7,""),(8,""),(9,""),(10,""),(11,""),(12,""),(13,""),(14,""),(15,""),(16,""),(17,""),(18,""),(19,""),(20,""),(21,""),(22,""),(23,""),(24,""),(25,""),(26,""),(27,""),(28,""),(29,""),(30,""),(31,""),(32,""),(33,""),(34,""),(35,""),(36,""),(37,""),(38,""),(39,""),(40,""),(41,""),(42,""),(43,""),(44,""),(45,""),(46,""),(47,""),(48,""),(49,"")],[(33,45),(36,20),(27,34),(15,28),(43,17),(35,1),(36,47),(42,2),(49,17),(21,42),(12,2),(27,6),(40,1),(9,30),(13,36),(26,41),(40,15),(26,39),(22,44),(36,19),(11,40),(18,29),(17,31),(29,17),(32,47),(30,21),(12,31),(23,25),(17,9),(35,27),(29,17),(2,6),(22,47),(8,3),(19,36),(17,15),(43,6),(6,33),(11,19),(42,24),(29,28),(23,21),(21,32),(19,29),(34,3),(37,19),(48,20),(24,18),(15,8),(20,15),(13,40),(26,49),(41,46),(30,23),(6,18),(23,45),(12,46),(20,1),(46,21),(31,5),(5,29),(25,38),(34,14),(27,28),(36,41),(5,0),(46,43),(29,0),(13,34),(7,14),(24,24),(45,14),(32,37),(45,6),(14,43),(17,41),(34,27),(14,15),(43,9),(0,36),(37,32),(8,1),(26,37),(28,28),(38,25),(34,7),(3,24),(1,21),(4,8),(49,45),(32,29),(10,37),(26,35),(18,43),(39,18),(12,28),(26,43),(36,11),(44,28),(39,29)])


esempio 3

([(0,""),(1,""),(2,""),(3,""),(4,""),(5,""),(6,""),(7,""),(8,""),(9,""),(10,""),(11,""),(12,""),(13,""),(14,""),(15,""),(16,""),(17,""),(18,""),(19,""),(20,""),(21,""),(22,""),(23,""),(24,""),(25,""),(26,""),(27,""),(28,""),(29,""),(30,""),(31,""),(32,""),(33,""),(34,""),(35,""),(36,""),(37,""),(38,""),(39,""),(40,""),(41,""),(42,""),(43,""),(44,""),(45,""),(46,""),(47,""),(48,""),(49,""),(50,""),(51,""),(52,""),(53,""),(54,""),(55,""),(56,""),(57,""),(58,""),(59,""),(60,""),(61,""),(62,""),(63,""),(64,""),(65,""),(66,""),(67,""),(68,""),(69,""),(70,""),(71,""),(72,""),(73,""),(74,""),(75,""),(76,""),(77,""),(78,""),(79,""),(80,""),(81,""),(82,""),(83,""),(84,""),(85,""),(86,""),(87,""),(88,""),(89,""),(90,""),(91,""),(92,""),(93,""),(94,""),(95,""),(96,""),(97,""),(98,""),(99,""),(100,""),(101,""),(102,""),(103,""),(104,""),(105,""),(106,""),(107,""),(108,""),(109,""),(110,""),(111,""),(112,""),(113,""),(114,""),(115,""),(116,""),(117,""),(118,""),(119,""),(120,""),(121,""),(122,""),(123,""),(124,""),(125,""),(126,""),(127,""),(128,""),(129,""),(130,""),(131,""),(132,""),(133,""),(134,""),(135,""),(136,""),(137,""),(138,""),(139,""),(140,""),(141,""),(142,""),(143,""),(144,""),(145,""),(146,""),(147,""),(148,""),(149,""),(150,""),(151,""),(152,""),(153,""),(154,""),(155,""),(156,""),(157,""),(158,""),(159,""),(160,""),(161,""),(162,""),(163,""),(164,""),(165,""),(166,""),(167,""),(168,""),(169,""),(170,""),(171,""),(172,""),(173,""),(174,""),(175,""),(176,""),(177,""),(178,""),(179,""),(180,""),(181,""),(182,""),(183,""),(184,""),(185,""),(186,""),(187,""),(188,""),(189,""),(190,""),(191,""),(192,""),(193,""),(194,""),(195,""),(196,""),(197,""),(198,""),(199,""),(200,""),(201,""),(202,""),(203,""),(204,""),(205,""),(206,""),(207,""),(208,""),(209,""),(210,""),(211,""),(212,""),(213,""),(214,""),(215,""),(216,""),(217,""),(218,""),(219,""),(220,""),(221,""),(222,""),(223,""),(224,""),(225,""),(226,""),(227,""),(228,""),(229,""),(230,""),(231,""),(232,""),(233,""),(234,""),(235,""),(236,""),(237,""),(238,""),(239,""),(240,""),(241,""),(242,""),(243,""),(244,""),(245,""),(246,""),(247,""),(248,""),(249,""),(250,""),(251,""),(252,""),(253,""),(254,""),(255,""),(256,""),(257,""),(258,""),(259,""),(260,""),(261,""),(262,""),(263,""),(264,""),(265,""),(266,""),(267,""),(268,""),(269,""),(270,""),(271,""),(272,""),(273,""),(274,""),(275,""),(276,""),(277,""),(278,""),(279,""),(280,""),(281,""),(282,""),(283,""),(284,""),(285,""),(286,""),(287,""),(288,""),(289,""),(290,""),(291,""),(292,""),(293,""),(294,""),(295,""),(296,""),(297,""),(298,""),(299,"")],[(283,190),(286,284),(177,276),(115,42),(293,36),(235,7),(286,45),(192,156),(249,79),(121,18),(62,287),(127,212),(290,148),(259,172),(263,159),(226,9),(240,236),(126,110),(172,42),(136,287),(11,6),(68,201),(267,13),(129,72),(182,121),(230,55),(62,119),(223,199),(67,21),(235,104),(29,139),(102,211),(222,140),(258,167),(269,5),(267,228),(193,227),(256,50),(211,84),(142,58),(129,120),(273,124),(21,22),(119,269),(284,296),(37,181),(98,30),(224,284),(215,292),(270,72),(113,272),(226,50),(91,25),(80,285),(56,122),(273,199),(62,40),(170,242),(196,98),(181,113),(105,98),(225,290),(284,24),(27,290),(236,209),(5,81),(46,219),(129,136),(13,132),(257,55),(24,194),(195,4),(282,179),(45,269),(14,273),(267,176),(134,150),(164,55),(243,160),(50,142),(187,179),(108,184),(276,193),(278,205),(188,221),(84,67),(3,104),(251,13),(254,61),(199,254),(132,126),(60,159),(176,244),(168,202),(139,202),(112,206),(226,284),(186,121),(294,42),(239,168),(195,228),(70,289),(134,172),(178,108),(167,258),(201,198),(197,36),(2,108),(117,253),(192,248),(52,3),(56,133),(1,133),(80,248),(86,90),(241,54),(165,67),(89,246),(244,68),(119,129),(40,200),(129,246),(231,288),(217,197),(297,149),(71,190),(81,103),(275,133),(9,63),(127,197),(267,53),(256,292),(197,186),(153,225),(186,152),(65,196),(106,175),(83,188),(119,57),(224,129),(28,136),(171,60),(32,14),(29,21),(3,60),(119,104),(270,128),(168,127),(208,50),(215,248),(40,256),(249,2),(96,194),(23,297),(218,199),(145,43),(146,239),(51,2),(121,228),(155,3),(179,200),(88,281),(164,47),(128,138),(241,259),(50,251),(193,35),(100,134),(134,139),(64,92),(24,15),(214,27),(287,204),(56,29),(243,49),(291,264),(227,185),(265,229),(159,143),(136,235),(232,177),(251,100),(137,238),(28,71),(275,149),(107,189),(174,167),(121,88),(158,192),(295,95),(29,143),(37,144),(135,129),(193,190),(218,282),(128,140),(243,141),(111,69),(228,26),(129,32),(176,161),(4,42),(43,60),(163,117),(113,123),(38,161),(206,81),(40,9),(4,90),(118,225),(228,296),(288,267),(69,77),(117,234),(17,90),(96,226),(224,124),(243,257),(270,14),(83,68),(290,105),(299,158),(172,212),(125,286),(244,100),(90,246),(5,126),(239,294),(254,16),(286,152),(69,78),(182,229),(42,246),(164,190),(97,47),(207,70),(255,51),(4,180),(248,131),(11,193),(122,157),(228,127),(299,212),(243,286),(46,114),(68,55),(40,212),(22,290),(11,12),(10,279),(105,110),(1,169),(61,189),(30,74),(178,155),(5,41),(120,20),(236,33),(244,87),(126,88),(222,238),(65,166),(8,70),(16,184),(282,56),(158,117),(224,6),(237,160),(162,49),(224,137),(0,105),(36,259),(152,17),(299,18),(279,245),(250,183),(68,73),(71,158),(273,173),(131,137),(81,189),(130,283),(133,7),(194,78),(160,57),(63,214),(199,171),(281,129),(299,0),(196,259),(159,218),(273,238),(13,125),(168,288),(290,174),(295,233),(26,157),(266,181),(284,93),(240,258)])
